--- 
asdf: 2010-10-24 22:01:27.172846 -07:00
x: 2010-10-24 22:01:30.548799 -07:00
